# STANDARD PARAMS
k_e: 8.9875517923e9
k_B: 1.380649e-23
epsilon_0: 8.854187817e-12
G: 6.67430e-11

#M: 5.972e24 # default from earth -> useless in a bare/vacuum env
speed_light: 299792458
planck_constant: 6.626e-34
theta_W: 28.7

d: 50
dt: 1


